/* -*- buffer-read-only: t -*-
   !!!!!!!   DO NOT EDIT THIS FILE   !!!!!!!
   This file is built by regen_perly.pl from perly.y.
   Any changes made here will be lost!
 */

#define YYFINAL  14
/* YYLAST -- Last index in YYTABLE.  */
#define YYLAST   2870

/* YYNTOKENS -- Number of terminals.  */
#define YYNTOKENS  104
/* YYNNTS -- Number of nonterminals.  */
#define YYNNTS  77
/* YYNRULES -- Number of rules.  */
#define YYNRULES  251
/* YYNRULES -- Number of states.  */
#define YYNSTATES  506

/* YYTRANSLATE(YYLEX) -- Bison symbol number corresponding to YYLEX.  */
#define YYUNDEFTOK  2
#define YYMAXUTOK   337

#define YYTRANSLATE(YYX)						\
  ((unsigned int) (YYX) <= YYMAXUTOK ? yytranslate[YYX] : YYUNDEFTOK)

/* YYTRANSLATE[YYLEX] -- Bison symbol number corresponding to YYLEX.  */
static const yytype_uint8 yytranslate[] =
{
       0,     2,     2,     2,     2,     2,     2,     2,     2,     2,
       2,     2,     2,     2,     2,     2,     2,     2,     2,     2,
       2,     2,     2,     2,     2,     2,     2,     2,     2,     2,
       2,     2,     2,    91,     2,     2,    15,    17,    19,     2,
     103,   102,    18,    14,    80,    13,    22,     2,     2,     2,
       2,     2,     2,     2,     2,     2,     2,     2,    83,    20,
       2,    21,     2,    82,    16,     2,     2,     2,     2,     2,
       2,     2,     2,     2,     2,     2,     2,     2,     2,     2,
       2,     2,     2,     2,     2,     2,     2,     2,     2,     2,
       2,    11,     2,    12,     2,     2,     2,     2,     2,     2,
       2,     2,     2,     2,     2,     2,     2,     2,     2,     2,
       2,     2,     2,     2,     2,     2,     2,     2,     2,     2,
       2,     2,     2,     9,     2,    10,    92,     2,     2,     2,
       2,     2,     2,     2,     2,     2,     2,     2,     2,     2,
       2,     2,     2,     2,     2,     2,     2,     2,     2,     2,
       2,     2,     2,     2,     2,     2,     2,     2,     2,     2,
       2,     2,     2,     2,     2,     2,     2,     2,     2,     2,
       2,     2,     2,     2,     2,     2,     2,     2,     2,     2,
       2,     2,     2,     2,     2,     2,     2,     2,     2,     2,
       2,     2,     2,     2,     2,     2,     2,     2,     2,     2,
       2,     2,     2,     2,     2,     2,     2,     2,     2,     2,
       2,     2,     2,     2,     2,     2,     2,     2,     2,     2,
       2,     2,     2,     2,     2,     2,     2,     2,     2,     2,
       2,     2,     2,     2,     2,     2,     2,     2,     2,     2,
       2,     2,     2,     2,     2,     2,     2,     2,     2,     2,
       2,     2,     2,     2,     2,     2,     1,     2,     3,     4,
       5,     6,     7,     8,    23,    24,    25,    26,    27,    28,
      29,    30,    31,    32,    33,    34,    35,    36,    37,    38,
      39,    40,    41,    42,    43,    44,    45,    46,    47,    48,
      49,    50,    51,    52,    53,    54,    55,    56,    57,    58,
      59,    60,    61,    62,    63,    64,    65,    66,    67,    68,
      69,    70,    71,    72,    73,    74,    75,    76,    77,    78,
      79,    81,    84,    85,    86,    87,    88,    89,    90,    93,
      94,    95,    96,    97,    98,    99,   100,   101
};

#if YYDEBUG
/* YYPRHS[YYN] -- Index of the first RHS symbol of rule number YYN in
   YYRHS.  */
static const yytype_uint16 yyprhs[] =
{
       0,     0,     3,     4,     9,    10,    14,    15,    19,    20,
      24,    25,    29,    30,    34,    39,    47,    48,    53,    54,
      55,    58,    59,    62,    64,    66,    69,    72,    74,    79,
      80,    88,    89,   100,   105,   106,   114,   122,   130,   137,
     144,   147,   156,   165,   166,   167,   181,   191,   200,   201,
     213,   223,   231,   234,   235,   244,   247,   249,   252,   253,
     257,   259,   261,   265,   269,   273,   277,   281,   285,   286,
     289,   296,   297,   300,   301,   302,   304,   305,   307,   309,
     311,   313,   315,   317,   318,   319,   320,   321,   323,   325,
     326,   328,   329,   332,   334,   337,   339,   340,   344,   346,
     348,   352,   356,   360,   362,   365,   369,   371,   375,   381,
     388,   392,   396,   402,   405,   410,   411,   417,   419,   421,
     427,   432,   438,   443,   449,   456,   462,   467,   473,   478,
     482,   489,   494,   500,   504,   508,   512,   516,   520,   524,
     528,   532,   536,   540,   544,   548,   552,   556,   559,   562,
     565,   568,   571,   574,   577,   580,   583,   587,   590,   595,
     599,   605,   614,   617,   620,   622,   624,   626,   628,   634,
     637,   639,   642,   646,   648,   651,   653,   655,   657,   659,
     661,   663,   668,   673,   679,   685,   687,   689,   693,   698,
     702,   707,   712,   717,   722,   727,   729,   732,   735,   737,
     740,   743,   745,   748,   750,   753,   755,   759,   761,   765,
     767,   771,   776,   777,   783,   785,   787,   789,   791,   795,
     798,   802,   805,   807,   809,   811,   812,   814,   815,   817,
     819,   821,   823,   825,   827,   829,   832,   835,   838,   841,
     844,   849,   852,   854,   858,   860,   864,   866,   870,   872,
     874,   876
};

/* YYRHS -- A `-1'-separated list of the rules' RHS.  */
static const yytype_int16 yyrhs[] =
{
     105,     0,    -1,    -1,     3,   106,   114,   117,    -1,    -1,
       4,   107,   167,    -1,    -1,     5,   108,   112,    -1,    -1,
       6,   109,   121,    -1,    -1,     7,   110,   119,    -1,    -1,
       8,   111,   117,    -1,     9,   114,   117,    10,    -1,    21,
     114,    20,    74,   118,    20,    22,    -1,    -1,     9,   116,
     117,    10,    -1,    -1,    -1,   117,   119,    -1,    -1,   118,
     129,    -1,   121,    -1,   120,    -1,    36,   121,    -1,    36,
     120,    -1,    35,    -1,    37,   144,   141,   113,    -1,    -1,
      38,   145,   142,   122,   146,   147,   151,    -1,    -1,    38,
     145,   142,   123,   114,   149,   147,     9,   117,    10,    -1,
      40,    23,    23,    20,    -1,    -1,    41,   142,   124,    23,
      23,   166,    20,    -1,    44,   103,   114,   138,   102,   115,
     132,    -1,    45,   103,   114,   140,   102,   115,   132,    -1,
      50,   103,   114,   138,   102,   115,    -1,    51,   103,   114,
     138,   102,   115,    -1,    52,   112,    -1,    42,   103,   114,
     136,   102,   134,   115,   133,    -1,    43,   103,   114,   137,
     102,   134,   115,   133,    -1,    -1,    -1,    49,   103,   114,
     139,    20,   125,   136,    20,   126,   134,   139,   102,   115,
      -1,    49,    70,   114,   168,   103,   138,   102,   115,   133,
      -1,    49,   172,   103,   114,   138,   102,   115,   133,    -1,
      -1,    49,    93,    70,   114,   169,   127,   103,   138,   102,
     115,   133,    -1,    49,    93,   170,   103,   114,   138,   102,
     115,   133,    -1,    49,   103,   114,   138,   102,   115,   133,
      -1,   112,   133,    -1,    -1,    40,    23,    23,     9,   114,
     128,   117,    10,    -1,   131,    20,    -1,    20,    -1,    26,
     130,    -1,    -1,    73,   117,    74,    -1,     1,    -1,   152,
      -1,   152,    44,   152,    -1,   152,    45,   152,    -1,   152,
      42,   152,    -1,   152,    43,   137,    -1,   152,    49,   152,
      -1,   152,    51,   152,    -1,    -1,    46,   115,    -1,    47,
     103,   138,   102,   115,   132,    -1,    -1,    48,   112,    -1,
      -1,    -1,   131,    -1,    -1,   152,    -1,   152,    -1,   152,
      -1,   135,    -1,   137,    -1,    23,    -1,    -1,    -1,    -1,
      -1,    23,    -1,    28,    -1,    -1,    26,    -1,    -1,    72,
      26,    -1,    72,    -1,    72,    26,    -1,    72,    -1,    -1,
     103,   150,   102,    -1,   112,    -1,    20,    -1,   152,    78,
     152,    -1,   152,    77,   152,    -1,   152,    76,   152,    -1,
     153,    -1,   153,    80,    -1,   153,    80,   162,    -1,   162,
      -1,    60,   180,   153,    -1,    58,   103,   180,   152,   102,
      -1,   162,   101,   156,   103,   167,   102,    -1,   162,   101,
     156,    -1,    24,   180,   166,    -1,    25,   180,   103,   167,
     102,    -1,    60,   166,    -1,    58,   103,   167,   102,    -1,
      -1,    33,   143,   112,   155,   166,    -1,    24,    -1,   172,
      -1,   179,     9,   152,    20,    10,    -1,   172,    11,   152,
      12,    -1,   162,   101,    11,   152,    12,    -1,   157,    11,
     152,    12,    -1,   172,     9,   152,    20,    10,    -1,   162,
     101,     9,   152,    20,    10,    -1,   157,     9,   152,    20,
      10,    -1,   162,   101,   103,   102,    -1,   162,   101,   103,
     152,   102,    -1,   157,   103,   152,   102,    -1,   157,   103,
     102,    -1,   103,   152,   102,    11,   152,    12,    -1,    29,
      11,   152,    12,    -1,   103,   102,    11,   152,    12,    -1,
     162,    81,   162,    -1,   162,    95,   162,    -1,   162,    63,
     162,    -1,   162,    64,   162,    -1,   162,    89,   162,    -1,
     162,    61,   162,    -1,   162,    62,   162,    -1,   162,    88,
     162,    -1,   162,    87,   162,    -1,   162,    54,   162,    -1,
     162,    86,   162,    -1,   162,    85,   162,    -1,   162,    84,
     162,    -1,   162,    90,   162,    -1,    13,   162,    -1,    14,
     162,    -1,    91,   162,    -1,    92,   162,    -1,   162,    98,
      -1,   162,    97,    -1,   162,    96,    -1,   100,   162,    -1,
      99,   162,    -1,    11,   152,    12,    -1,    11,    12,    -1,
      67,   152,    20,    10,    -1,    67,    20,    10,    -1,    39,
     143,   146,   147,   112,    -1,    39,   143,   114,   149,   147,
       9,   117,    10,    -1,    66,   162,    -1,    66,   112,    -1,
     158,    -1,   159,    -1,   160,    -1,   161,    -1,   162,    82,
     162,    83,   162,    -1,    93,   162,    -1,   164,    -1,    69,
     162,    -1,   103,   152,   102,    -1,    29,    -1,   103,   102,
      -1,   172,    -1,   176,    -1,   174,    -1,   173,    -1,   175,
      -1,   157,    -1,   177,    11,   152,    12,    -1,   178,    11,
     152,    12,    -1,   177,     9,   152,    20,    10,    -1,   178,
       9,   152,    20,    10,    -1,    26,    -1,   171,    -1,   171,
     103,   102,    -1,   171,   103,   152,   102,    -1,    68,   145,
     166,    -1,   162,   101,    15,    18,    -1,   162,   101,    16,
      18,    -1,   162,   101,    17,    18,    -1,   162,   101,    19,
      18,    -1,   162,   101,    18,    18,    -1,    53,    -1,    53,
     162,    -1,    79,   153,    -1,    59,    -1,    59,   112,    -1,
      59,   162,    -1,    71,    -1,    71,   162,    -1,    32,    -1,
      32,   162,    -1,    56,    -1,    56,   103,   102,    -1,    30,
      -1,    30,   103,   102,    -1,    31,    -1,    57,   103,   102,
      -1,    57,   103,   152,   102,    -1,    -1,    27,   163,   103,
     153,   102,    -1,    23,    -1,   154,    -1,    55,    -1,    34,
      -1,    70,   165,   148,    -1,    70,   165,    -1,   103,   152,
     102,    -1,   103,   102,    -1,   172,    -1,   174,    -1,   173,
      -1,    -1,   153,    -1,    -1,   152,    -1,   172,    -1,   172,
      -1,   173,    -1,   174,    -1,   169,    -1,   171,    -1,    19,
     180,    -1,    15,   180,    -1,    16,   180,    -1,    17,   180,
      -1,    65,   180,    -1,   162,   101,    65,    18,    -1,    18,
     180,    -1,   173,    -1,   162,   101,    16,    -1,   174,    -1,
     162,   101,    17,    -1,   176,    -1,   162,   101,    18,    -1,
      23,    -1,   172,    -1,   112,    -1,    28,    -1
};

/* YYRLINE[YYN] -- source line where rule number YYN was defined.  */
static const yytype_uint16 yyrline[] =
{
       0,   115,   115,   114,   125,   124,   134,   133,   146,   145,
     158,   157,   170,   169,   181,   189,   197,   201,   209,   215,
     216,   226,   227,   236,   240,   244,   248,   255,   257,   268,
     267,   301,   300,   339,   347,   346,   355,   361,   367,   378,
     380,   382,   389,   397,   399,   396,   416,   421,   428,   427,
     442,   450,   456,   463,   462,   477,   481,   489,   507,   508,
     513,   515,   517,   519,   521,   523,   525,   528,   534,   535,
     540,   551,   552,   558,   564,   565,   570,   573,   577,   582,
     586,   590,   594,   595,   599,   605,   610,   615,   616,   621,
     622,   627,   628,   630,   635,   637,   643,   642,   661,   662,
     666,   668,   670,   672,   676,   678,   683,   687,   691,   695,
     701,   706,   712,   718,   720,   723,   722,   733,   734,   738,
     742,   745,   750,   755,   758,   762,   766,   769,   774,   778,
     781,   783,   785,   790,   792,   794,   799,   801,   803,   805,
     807,   809,   811,   813,   815,   817,   819,   824,   826,   829,
     831,   833,   836,   839,   850,   853,   860,   862,   864,   866,
     868,   871,   885,   887,   891,   892,   893,   894,   895,   897,
     899,   901,   903,   905,   907,   909,   911,   913,   915,   917,
     919,   921,   931,   941,   951,   961,   963,   965,   968,   973,
     977,   979,   981,   983,   986,   988,   991,   993,   995,   997,
     999,  1001,  1003,  1005,  1007,  1010,  1012,  1014,  1016,  1018,
    1020,  1024,  1027,  1026,  1039,  1040,  1041,  1046,  1050,  1052,
    1057,  1059,  1062,  1064,  1066,  1071,  1073,  1078,  1079,  1085,
    1089,  1090,  1091,  1094,  1095,  1098,  1102,  1106,  1112,  1118,
    1120,  1124,  1128,  1129,  1133,  1134,  1138,  1139,  1144,  1146,
    1148,  1151
};
#endif

#if YYDEBUG || YYERROR_VERBOSE || 0
/* YYTNAME[SYMBOL-NUM] -- String name of the symbol SYMBOL-NUM.
   First, the terminals, then, starting at YYNTOKENS, nonterminals.  */
static const char *const yytname[] =
{
  "$end", "error", "$undefined", "GRAMPROG", "GRAMEXPR", "GRAMBLOCK",
  "GRAMBARESTMT", "GRAMFULLSTMT", "GRAMSTMTSEQ", "'{'", "'}'", "'['",
  "']'", "'-'", "'+'", "'$'", "'@'", "'%'", "'*'", "'&'", "';'", "'='",
  "'.'", "WORD", "METHOD", "FUNCMETH", "THING", "PMFUNC", "PRIVATEREF",
  "QWLIST", "FUNC0OP", "FUNC0SUB", "UNIOPSUB", "LSTOPSUB", "PLUGEXPR",
  "PLUGSTMT", "LABEL", "FORMAT", "SUB", "ANONSUB", "PACKAGE", "USE",
  "WHILE", "UNTIL", "IF", "UNLESS", "ELSE", "ELSIF", "CONTINUE", "FOR",
  "GIVEN", "WHEN", "DEFAULT", "LOOPEX", "DOTDOT", "YADAYADA", "FUNC0",
  "FUNC1", "FUNC", "UNIOP", "LSTOP", "RELOP", "EQOP", "MULOP", "ADDOP",
  "DOLSHARP", "DO", "HASHBRACK", "NOAMP", "LOCAL", "MY", "REQUIRE",
  "COLONATTR", "FORMLBRACK", "FORMRBRACK", "PREC_LOW", "DOROP", "OROP",
  "ANDOP", "NOTOP", "','", "ASSIGNOP", "'?'", "':'", "DORDOR", "OROR",
  "ANDAND", "BITOROP", "BITANDOP", "SHIFTOP", "MATCHOP", "'!'", "'~'",
  "REFGEN", "UMINUS", "POWOP", "POSTJOIN", "POSTDEC", "POSTINC", "PREDEC",
  "PREINC", "ARROW", "')'", "'('", "$accept", "grammar", "$@1", "$@2",
  "$@3", "$@4", "$@5", "$@6", "block", "formblock", "remember", "mblock",
  "mremember", "stmtseq", "formstmtseq", "fullstmt", "labfullstmt",
  "barestmt", "$@7", "$@8", "$@9", "$@10", "$@11", "@12", "$@13",
  "formline", "formarg", "sideff", "else", "cont", "mintro", "nexpr",
  "texpr", "iexpr", "mexpr", "mnexpr", "miexpr", "formname", "startsub",
  "startanonsub", "startformsub", "subname", "proto", "subattrlist",
  "myattrlist", "subsignature", "@14", "optsubbody", "expr", "listexpr",
  "listop", "@15", "method", "subscripted", "termbinop", "termunop",
  "anonymous", "termdo", "term", "@16", "myattrterm", "myterm",
  "optlistexpr", "optexpr", "my_scalar", "my_var", "refgen_topic", "amper",
  "scalar", "ary", "hsh", "arylen", "star", "sliceme", "kvslice", "gelem",
  "indirob", YY_NULL
};
#endif

# ifdef YYPRINT
/* YYTOKNUM[YYLEX-NUM] -- Internal token number corresponding to
   token YYLEX-NUM.  */
static const yytype_uint16 yytoknum[] =
{
       0,   256,   257,   258,   259,   260,   261,   262,   263,   123,
     125,    91,    93,    45,    43,    36,    64,    37,    42,    38,
      59,    61,    46,   264,   265,   266,   267,   268,   269,   270,
     271,   272,   273,   274,   275,   276,   277,   278,   279,   280,
     281,   282,   283,   284,   285,   286,   287,   288,   289,   290,
     291,   292,   293,   294,   295,   296,   297,   298,   299,   300,
     301,   302,   303,   304,   305,   306,   307,   308,   309,   310,
     311,   312,   313,   314,   315,   316,   317,   318,   319,   320,
      44,   321,    63,    58,   322,   323,   324,   325,   326,   327,
     328,    33,   126,   329,   330,   331,   332,   333,   334,   335,
     336,   337,    41,    40
};
# endif

/* YYR1[YYN] -- Symbol number of symbol that rule YYN derives.  */
static const yytype_uint8 yyr1[] =
{
       0,   104,   106,   105,   107,   105,   108,   105,   109,   105,
     110,   105,   111,   105,   112,   113,   114,   115,   116,   117,
     117,   118,   118,   119,   119,   120,   120,   121,   121,   122,
     121,   123,   121,   121,   124,   121,   121,   121,   121,   121,
     121,   121,   121,   125,   126,   121,   121,   121,   127,   121,
     121,   121,   121,   128,   121,   121,   121,   129,   130,   130,
     131,   131,   131,   131,   131,   131,   131,   131,   132,   132,
     132,   133,   133,   134,   135,   135,   136,   136,   137,   138,
     139,   140,   141,   141,   142,   143,   144,   145,   145,   146,
     146,   147,   147,   147,   148,   148,   150,   149,   151,   151,
     152,   152,   152,   152,   153,   153,   153,   154,   154,   154,
     154,   154,   154,   154,   154,   155,   154,   156,   156,   157,
     157,   157,   157,   157,   157,   157,   157,   157,   157,   157,
     157,   157,   157,   158,   158,   158,   158,   158,   158,   158,
     158,   158,   158,   158,   158,   158,   158,   159,   159,   159,
     159,   159,   159,   159,   159,   159,   160,   160,   160,   160,
     160,   160,   161,   161,   162,   162,   162,   162,   162,   162,
     162,   162,   162,   162,   162,   162,   162,   162,   162,   162,
     162,   162,   162,   162,   162,   162,   162,   162,   162,   162,
     162,   162,   162,   162,   162,   162,   162,   162,   162,   162,
     162,   162,   162,   162,   162,   162,   162,   162,   162,   162,
     162,   162,   163,   162,   162,   162,   162,   162,   164,   164,
     165,   165,   165,   165,   165,   166,   166,   167,   167,   168,
     169,   169,   169,   170,   170,   171,   172,   173,   174,   175,
     175,   176,   177,   177,   178,   178,   179,   179,   180,   180,
     180,   180
};

/* YYR2[YYN] -- Number of symbols composing right hand side of rule YYN.  */
static const yytype_uint8 yyr2[] =
{
       0,     2,     0,     4,     0,     3,     0,     3,     0,     3,
       0,     3,     0,     3,     4,     7,     0,     4,     0,     0,
       2,     0,     2,     1,     1,     2,     2,     1,     4,     0,
       7,     0,    10,     4,     0,     7,     7,     7,     6,     6,
       2,     8,     8,     0,     0,    13,     9,     8,     0,    11,
       9,     7,     2,     0,     8,     2,     1,     2,     0,     3,
       1,     1,     3,     3,     3,     3,     3,     3,     0,     2,
       6,     0,     2,     0,     0,     1,     0,     1,     1,     1,
       1,     1,     1,     0,     0,     0,     0,     1,     1,     0,
       1,     0,     2,     1,     2,     1,     0,     3,     1,     1,
       3,     3,     3,     1,     2,     3,     1,     3,     5,     6,
       3,     3,     5,     2,     4,     0,     5,     1,     1,     5,
       4,     5,     4,     5,     6,     5,     4,     5,     4,     3,
       6,     4,     5,     3,     3,     3,     3,     3,     3,     3,
       3,     3,     3,     3,     3,     3,     3,     2,     2,     2,
       2,     2,     2,     2,     2,     2,     3,     2,     4,     3,
       5,     8,     2,     2,     1,     1,     1,     1,     5,     2,
       1,     2,     3,     1,     2,     1,     1,     1,     1,     1,
       1,     4,     4,     5,     5,     1,     1,     3,     4,     3,
       4,     4,     4,     4,     4,     1,     2,     2,     1,     2,
       2,     1,     2,     1,     2,     1,     3,     1,     3,     1,
       3,     4,     0,     5,     1,     1,     1,     1,     3,     2,
       3,     2,     1,     1,     1,     0,     1,     0,     1,     1,
       1,     1,     1,     1,     1,     2,     2,     2,     2,     2,
       4,     2,     1,     3,     1,     3,     1,     3,     1,     1,
       1,     1
};

/* YYDEFACT[STATE-NAME] -- Default reduction number in state STATE-NUM.
   Performed when YYTABLE doesn't specify something else to do.  Zero
   means the default is an error.  */
static const yytype_uint8 yydefact[] =
{
       0,     2,     4,     6,     8,    10,    12,     0,    16,   227,
       0,     0,     0,    19,     1,    19,     0,     0,     0,     0,
       0,     0,     0,     0,   214,     0,     0,   185,   212,   173,
     207,   209,   203,    85,   217,    85,   195,   216,   205,     0,
       0,   198,   225,     0,     0,     0,     0,     0,     0,   201,
       0,     0,     0,     0,     0,     0,     0,   228,   103,   215,
     180,   164,   165,   166,   167,   106,   170,     5,   186,   175,
     178,   177,   179,   176,     0,     0,     0,    16,     7,    60,
      56,    27,    86,     0,     0,    84,     0,     0,     0,     0,
       0,     0,     0,     0,    71,     9,     0,    61,     0,    11,
      24,    23,     0,     0,   157,     0,   147,   148,   248,   251,
     250,   249,   236,   237,   238,   241,   235,   225,     0,     0,
       0,     0,   204,     0,    89,   196,     0,     0,   227,   199,
     200,   248,   226,   113,   249,     0,   239,   163,   162,     0,
       0,    87,    88,   225,   171,     0,   219,   222,   224,   223,
     202,   197,   149,   150,   169,   155,   154,   174,     0,     0,
       0,     0,   104,     0,     0,     0,     0,     0,     0,     0,
       0,     0,     0,     0,     0,     0,     0,     0,     0,     0,
       0,   153,   152,   151,     0,     0,     0,     0,     0,     0,
       0,     0,     0,    19,    83,    84,     0,    34,    16,    16,
      16,    16,    16,     0,    16,     0,    16,    16,    40,     0,
      52,    55,     0,     0,     0,     0,     0,     0,    26,    25,
      20,   156,   111,   227,     0,     0,   208,   115,    90,     0,
      91,   206,   210,     0,     0,     0,   107,   159,     0,   189,
     221,     0,    95,   218,     0,   172,   102,   101,   100,   105,
       0,     0,   129,     0,   142,   138,   139,   135,   136,   133,
       0,   145,   144,   143,   141,   140,   137,   146,   134,     0,
       0,     0,   243,   245,   247,     0,   117,     0,     0,   110,
     118,   187,     0,     0,     0,     0,     0,     0,     0,     0,
       0,    82,     0,    29,     0,     0,    76,     0,     0,     0,
       0,    16,   233,     0,   234,   230,   231,   232,     0,    16,
       0,     0,    72,    64,    65,    78,    62,    63,    66,    67,
       0,     0,   131,   225,    96,    91,    93,     0,   211,   114,
       0,   158,   220,    94,     0,     0,     0,   122,   128,     0,
       0,     0,   190,   191,   192,   194,   193,   240,   126,     0,
     227,   188,     0,   120,     0,   181,     0,   182,     0,    14,
      16,    28,    89,    16,    16,    33,     0,     0,    77,     0,
       0,    79,    81,     0,     0,   229,     0,    16,    75,    80,
       0,     0,    61,     0,     0,     0,   112,   213,   116,     0,
       0,    92,   160,   108,   132,     0,   125,   168,     0,   121,
     127,     0,   123,   183,   184,   119,     0,    91,     0,    53,
     225,    73,    73,     0,     0,     0,    48,     0,     0,    43,
       0,     0,     0,    97,    19,   130,   124,   109,     0,     0,
      91,    19,     0,     0,     0,    18,    68,    68,     0,     0,
       0,    71,    76,     0,    38,    39,     0,    21,    99,    98,
      30,     0,     0,    35,    71,    71,    19,     0,     0,    36,
      37,     0,     0,     0,    51,     0,    71,   161,     0,    19,
      54,    41,    42,     0,    69,     0,    71,     0,    71,    44,
      47,     0,    58,    22,     0,    17,     0,    46,     0,    50,
      73,    15,    19,    57,    32,     0,    71,     0,     0,    68,
      49,     0,    59,    70,     0,    45
};

/* YYDEFGOTO[NTERM-NUM].  */
static const yytype_int16 yydefgoto[] =
{
      -1,     7,     8,     9,    10,    11,    12,    13,    94,   361,
      15,   436,   456,   102,   468,   220,   100,   101,   362,   363,
     295,   442,   490,   439,   431,   483,   493,    96,   459,   210,
     433,   379,   367,   314,   370,   381,   373,   292,   197,   123,
     194,   143,   230,   327,   243,   325,   389,   450,    97,    58,
      59,   323,   279,    60,    61,    62,    63,    64,    65,   119,
      66,   146,   133,    67,   374,   302,   303,    68,    69,    70,
      71,    72,    73,    74,    75,    76,   112
};

/* YYPACT[STATE-NUM] -- Index in YYTABLE of the portion describing
   STATE-NUM.  */
#define YYPACT_NINF -416
static const yytype_int16 yypact[] =
{
     623,  -416,  -416,  -416,  -416,  -416,  -416,    41,  -416,  2656,
      58,  1308,  1215,  -416,  -416,  -416,  1916,  2656,  2656,   335,
     335,   335,   335,   335,  -416,   335,   335,  -416,  -416,    62,
     -26,  -416,  2656,  -416,  -416,  -416,  2656,  -416,   -20,   -11,
      50,  1823,  1730,   335,  1823,  2007,    76,  2656,    49,  2656,
    2656,  2656,  2656,  2656,  2656,  2656,  2098,    36,    21,  -416,
       8,  -416,  -416,  -416,  -416,  2724,  -416,  -416,    54,    80,
     107,   138,  -416,    79,   206,   210,    98,  -416,  -416,  -416,
    -416,  -416,  -416,    76,   139,  -416,    73,    85,    92,   103,
      28,   111,   117,    58,    72,  -416,   159,  2189,  1215,  -416,
    -416,  -416,   449,   554,  -416,    57,   151,   151,  -416,  -416,
    -416,  -416,  -416,  -416,  -416,  -416,  -416,  2656,   147,   148,
    2656,    94,  2083,    58,   -17,  2724,    99,  2191,  1730,  -416,
    2083,  1636,    21,  -416,  1557,  2656,  -416,  -416,  2083,   252,
      -2,  -416,  -416,  2656,  2083,  2284,   191,  -416,  -416,  -416,
    2083,    21,   151,   151,   151,   219,   219,   257,   -24,  2656,
    2656,  2656,  2656,  2656,  2656,  2377,  2656,  2656,  2656,  2656,
    2656,  2656,  2656,  2656,  2656,  2656,  2656,  2656,  2656,  2656,
    2656,  -416,  -416,  -416,   216,  2470,  2656,  2656,  2656,  2656,
    2656,  2656,  2656,  -416,   248,  -416,   259,  -416,  -416,  -416,
    -416,  -416,  -416,   295,  -416,   167,  -416,  -416,  -416,    58,
    -416,  -416,  2656,  2656,  2656,  2656,  2656,  2656,  -416,  -416,
    -416,  -416,  -416,  2656,  2656,    60,  -416,  -416,  -416,   180,
     217,  -416,  -416,   122,   188,  2656,    21,  -416,   285,  -416,
    -416,   270,   292,  -416,  2656,   311,   218,   218,  -416,  2724,
      17,    90,  -416,   279,  1389,  1992,  1808,   437,   323,  2724,
    2679,  1527,  1527,  1606,  1715,  1901,  1439,   151,   151,  2656,
    2656,   425,   308,   309,   310,   314,  -416,   317,  2563,   235,
    -416,  -416,   283,   182,    93,   209,    97,   221,   116,   224,
     649,  -416,   318,   246,    11,   328,  2656,  2656,  2656,  2656,
     352,  -416,  -416,   265,  -416,  -416,  -416,  -416,  1401,  -416,
    2656,  2656,  -416,    36,  -416,    36,    36,    36,    36,    36,
     267,   -31,  -416,  2656,  -416,   217,   344,    58,  -416,  -416,
     349,  -416,  -416,  -416,   127,  2656,   361,  -416,  -416,  2656,
     247,   160,  -416,  -416,  -416,  -416,  -416,  -416,  -416,   353,
    2656,  -416,   363,  -416,   364,  -416,   367,  -416,   369,  -416,
    -416,  -416,   357,  -416,  -416,  -416,   365,   288,    36,   304,
     306,    36,  -416,   313,   319,  -416,   109,  -416,  -416,  -416,
     315,   391,   480,  2656,   326,   330,  -416,  -416,  -416,   333,
     427,  -416,  -416,  -416,  -416,   178,  -416,  2769,   428,  -416,
    -416,   337,  -416,  -416,  -416,  -416,   422,   217,   180,  -416,
    2656,  -416,  -416,   435,   435,  2656,  -416,  2656,   435,  -416,
     343,   435,   435,  -416,  -416,  -416,  -416,  -416,   372,    61,
     217,  -416,   432,   435,   435,  -416,    83,    83,   345,   356,
     354,    72,  2656,   435,  -416,  -416,   744,  -416,  -416,  -416,
    -416,   452,   839,  -416,    72,    72,  -416,   435,   368,  -416,
    -416,   435,  2656,   435,  -416,   475,    72,  -416,    24,  -416,
    -416,  -416,  -416,   934,  -416,  2656,    72,   394,    72,  -416,
    -416,   481,   424,  -416,  1029,  -416,   408,  -416,   435,  -416,
    -416,  -416,  -416,  -416,  -416,   435,    72,  1494,  1122,    83,
    -416,   409,  -416,  -416,   435,  -416
};

/* YYPGOTO[NTERM-NUM].  */
static const yytype_int16 yypgoto[] =
{
    -416,  -416,  -416,  -416,  -416,  -416,  -416,  -416,     4,  -416,
     -56,   -81,  -416,   -15,  -416,   500,   415,    -8,  -416,  -416,
    -416,  -416,  -416,  -416,  -416,  -416,  -416,  -306,  -415,  -112,
    -384,  -416,    84,   -71,  -298,    33,  -416,  -416,   341,   486,
    -416,   454,   177,  -320,  -416,   135,  -416,  -416,    -5,   -35,
    -416,  -416,  -416,  -416,  -416,  -416,  -416,  -416,   225,  -416,
    -416,  -416,  -101,  -127,  -416,   168,  -416,   342,    13,   -42,
     -40,  -416,  -416,  -416,  -416,  -416,    37
};

/* YYTABLE[YYPACT[STATE-NUM]].  What to do in state STATE-NUM.  If
   positive, shift that token.  If negative, reduce the rule which
   number is the opposite.  If YYTABLE_NINF, syntax error.  */
#define YYTABLE_NINF -247
static const yytype_int16 yytable[] =
{
     103,   234,   378,    95,    57,   390,   148,   132,   149,   228,
     380,   105,   384,   385,    78,   151,   222,   163,   238,   164,
     364,   193,   460,   110,   110,   110,   110,   110,   434,   110,
     110,   365,   111,   111,   111,   111,   111,   336,   111,   111,
     140,    14,   239,    19,   481,   129,   110,   110,   137,   162,
     482,   158,   159,   160,   161,   134,   111,   113,   114,   115,
     116,   147,   117,   118,    19,    20,    21,    77,   229,   221,
      77,   387,   322,   120,   159,   160,   161,   121,   245,   135,
     136,   448,   132,   126,   503,   420,   -16,   429,  -246,   186,
     219,   187,   127,   159,   160,   161,   320,   208,   202,   141,
     236,   162,   337,   205,   142,   353,   497,   192,   132,   355,
     451,   165,   159,   160,   161,   225,  -242,   438,  -242,   440,
     209,   203,   233,    57,    19,    20,    21,   227,   357,   457,
     458,   204,   110,   159,   160,   161,   159,   160,   161,   394,
     241,   134,   296,   297,   298,   299,   300,  -244,   308,  -244,
     310,   311,   145,   128,   246,   247,   248,   185,   250,   251,
     253,   306,   196,   307,   477,   235,   159,   160,   161,   159,
     160,   161,   399,   159,   160,   161,   198,   486,   290,   211,
     282,   283,   284,   285,   286,   287,   288,   289,   199,   321,
     425,   378,   159,   160,   161,   200,   226,   280,   159,   160,
     161,   231,   352,   159,   160,   161,   201,   313,   315,   316,
     317,   318,   319,   312,   206,   188,   305,   189,    57,   190,
     207,   191,   388,   401,   328,   269,   369,   270,   372,   354,
     330,   271,   272,   273,   274,   275,   159,   160,   161,   334,
     276,   356,   106,   107,   358,   376,   180,   181,   182,   183,
     223,   224,   184,   383,   159,   160,   161,   122,   159,   160,
     161,   125,   237,   242,   340,   341,   130,   398,   244,   138,
     309,   291,   144,   349,   150,   110,   152,   153,   154,   155,
     156,   277,   294,   324,   111,   159,   160,   161,   132,   326,
     329,   368,   315,   371,   315,   331,   161,   159,   160,   161,
     159,   160,   161,   382,   406,   371,   371,   408,   409,   432,
      19,    20,    21,   375,    23,  -247,  -247,  -247,   333,   278,
     184,   417,   335,   159,   160,   161,   343,   344,   345,   464,
     395,   392,   346,   437,   306,   347,   307,   441,   350,   360,
     444,   445,   471,   472,    77,    57,   159,   160,   161,   -31,
      19,   366,   454,   455,   480,   159,   160,   161,   108,   159,
     160,   161,   466,   109,   487,   301,   489,    19,   377,   386,
     391,   396,   332,   402,   403,   132,   474,   404,   371,   405,
     476,   338,   478,   228,   500,   351,   169,   249,   410,   305,
     411,   254,   255,   256,   257,   258,   259,   260,   261,   262,
     263,   264,   265,   266,   267,   268,   412,   496,   413,   446,
     371,   419,   371,   179,   499,   414,   452,   418,   180,   181,
     182,   183,   415,   505,   184,   159,   160,   161,   421,   159,
     160,   161,   422,   449,    77,   423,   424,   368,   426,   427,
      19,   473,   428,   342,   435,   443,   447,   461,   108,   -13,
      79,   393,   453,   109,   484,   400,   463,   371,    77,   462,
      16,   469,    17,    18,    19,    20,    21,    22,    23,    80,
     371,   475,    24,    25,    26,    27,    28,   498,    29,    30,
      31,    32,    33,    34,    81,    98,    82,    83,    35,    84,
      85,    86,    87,    88,    89,   479,   488,   492,    90,    91,
      92,    93,    36,   491,    37,    38,    39,    40,    41,    42,
     495,   504,    99,   218,    43,    44,    45,    46,    47,    48,
      49,   124,   212,   213,   214,   215,   465,   179,    50,   216,
     501,   217,   180,   181,   182,   183,   293,   195,   184,   407,
      51,    52,    53,   430,   416,   304,     0,     0,    54,    55,
       0,     0,    56,     0,    -3,    79,   159,   160,   161,     0,
       0,     0,     0,    77,   397,    16,     0,    17,    18,    19,
      20,    21,    22,    23,    80,     0,     0,    24,    25,    26,
      27,    28,   -79,    29,    30,    31,    32,    33,    34,    81,
      98,    82,    83,    35,    84,    85,    86,    87,    88,    89,
       0,     0,     0,    90,    91,    92,    93,    36,     0,    37,
      38,    39,    40,    41,    42,     0,     0,     0,     0,    43,
      44,    45,    46,    47,    48,    49,     1,     2,     3,     4,
       5,     6,     0,    50,     0,     0,     0,     0,     0,     0,
       0,     0,     0,     0,     0,    51,    52,    53,     0,     0,
      79,     0,     0,    54,    55,     0,     0,    56,    77,   359,
      16,     0,    17,    18,    19,    20,    21,    22,    23,    80,
       0,     0,    24,    25,    26,    27,    28,     0,    29,    30,
      31,    32,    33,    34,    81,    98,    82,    83,    35,    84,
      85,    86,    87,    88,    89,     0,     0,     0,    90,    91,
      92,    93,    36,     0,    37,    38,    39,    40,    41,    42,
       0,     0,     0,     0,    43,    44,    45,    46,    47,    48,
      49,     0,     0,     0,     0,     0,     0,     0,    50,     0,
       0,     0,     0,     0,     0,     0,     0,     0,     0,     0,
      51,    52,    53,     0,     0,    79,     0,     0,    54,    55,
       0,     0,    56,    77,   467,    16,     0,    17,    18,    19,
      20,    21,    22,    23,    80,     0,     0,    24,    25,    26,
      27,    28,     0,    29,    30,    31,    32,    33,    34,    81,
      98,    82,    83,    35,    84,    85,    86,    87,    88,    89,
       0,     0,     0,    90,    91,    92,    93,    36,     0,    37,
      38,    39,    40,    41,    42,     0,     0,     0,     0,    43,
      44,    45,    46,    47,    48,    49,     0,     0,     0,     0,
       0,     0,     0,    50,     0,     0,     0,     0,     0,     0,
       0,     0,     0,     0,     0,    51,    52,    53,     0,     0,
      79,     0,     0,    54,    55,     0,     0,    56,    77,   470,
      16,     0,    17,    18,    19,    20,    21,    22,    23,    80,
       0,     0,    24,    25,    26,    27,    28,     0,    29,    30,
      31,    32,    33,    34,    81,    98,    82,    83,    35,    84,
      85,    86,    87,    88,    89,     0,     0,     0,    90,    91,
      92,    93,    36,     0,    37,    38,    39,    40,    41,    42,
       0,     0,     0,     0,    43,    44,    45,    46,    47,    48,
      49,     0,     0,     0,     0,     0,     0,     0,    50,     0,
       0,     0,     0,     0,     0,     0,     0,     0,     0,     0,
      51,    52,    53,     0,     0,    79,     0,     0,    54,    55,
       0,     0,    56,    77,   485,    16,     0,    17,    18,    19,
      20,    21,    22,    23,    80,     0,     0,    24,    25,    26,
      27,    28,     0,    29,    30,    31,    32,    33,    34,    81,
      98,    82,    83,    35,    84,    85,    86,    87,    88,    89,
       0,     0,     0,    90,    91,    92,    93,    36,     0,    37,
      38,    39,    40,    41,    42,     0,     0,     0,     0,    43,
      44,    45,    46,    47,    48,    49,     0,     0,     0,     0,
       0,     0,     0,    50,     0,     0,     0,     0,     0,     0,
       0,     0,     0,     0,     0,    51,    52,    53,     0,     0,
      79,     0,     0,    54,    55,     0,     0,    56,    77,   494,
      16,     0,    17,    18,    19,    20,    21,    22,    23,    80,
       0,     0,    24,    25,    26,    27,    28,     0,    29,    30,
      31,    32,    33,    34,    81,    98,    82,    83,    35,    84,
      85,    86,    87,    88,    89,     0,     0,     0,    90,    91,
      92,    93,    36,     0,    37,    38,    39,    40,    41,    42,
       0,     0,     0,     0,    43,    44,    45,    46,    47,    48,
      49,     0,     0,     0,     0,     0,     0,     0,    50,     0,
       0,     0,     0,     0,     0,     0,     0,     0,     0,     0,
      51,    52,    53,    79,     0,     0,     0,     0,    54,    55,
       0,    77,    56,    16,     0,    17,    18,    19,    20,    21,
      22,    23,    80,     0,     0,    24,    25,    26,    27,    28,
       0,    29,    30,    31,    32,    33,    34,    81,    98,    82,
      83,    35,    84,    85,    86,    87,    88,    89,     0,     0,
       0,    90,    91,    92,    93,    36,     0,    37,    38,    39,
      40,    41,    42,     0,     0,     0,     0,    43,    44,    45,
      46,    47,    48,    49,     0,     0,   502,     0,     0,     0,
       0,    50,     0,     0,     0,     0,     0,     0,     0,     0,
       0,     0,     0,    51,    52,    53,    79,     0,     0,     0,
       0,    54,    55,     0,    77,    56,    16,     0,    17,    18,
      19,    20,    21,    22,    23,    80,     0,     0,    24,    25,
      26,    27,    28,     0,    29,    30,    31,    32,    33,    34,
      81,    98,    82,    83,    35,    84,    85,    86,    87,    88,
      89,     0,     0,     0,    90,    91,    92,    93,    36,     0,
      37,    38,    39,    40,    41,    42,     0,     0,     0,     0,
      43,    44,    45,    46,    47,    48,    49,     0,     0,     0,
       0,     0,     0,     0,    50,     0,     0,     0,     0,     0,
       0,     0,     0,     0,     0,     0,    51,    52,    53,    79,
       0,     0,     0,     0,    54,    55,     0,    77,    56,    16,
       0,    17,    18,    19,    20,    21,    22,    23,    80,     0,
       0,    24,    25,    26,    27,    28,     0,    29,    30,    31,
      32,    33,    34,    81,     0,    82,    83,    35,    84,    85,
      86,    87,    88,    89,     0,     0,     0,    90,    91,    92,
      93,    36,     0,    37,    38,    39,    40,    41,    42,     0,
       0,     0,     0,    43,    44,    45,    46,    47,    48,    49,
       0,     0,     0,     0,     0,     0,     0,    50,     0,     0,
       0,     0,     0,     0,     0,     0,     0,     0,     0,    51,
      52,    53,    79,     0,     0,     0,     0,    54,    55,     0,
       0,    56,    16,     0,    17,    18,    19,    20,    21,    22,
      23,   -74,     0,     0,    24,    25,    26,    27,    28,     0,
      29,    30,    31,    32,    33,    34,     0,     0,     0,     0,
      35,     0,     0,  -247,     0,     0,     0,     0,     0,     0,
     167,   168,   169,   170,    36,     0,    37,    38,    39,    40,
      41,    42,     0,     0,     0,     0,    43,    44,    45,    46,
      47,    48,    49,   173,   174,   175,   176,   177,   178,   179,
      50,     0,     0,     0,   180,   181,   182,   183,     0,     0,
     184,     0,    51,    52,    53,    79,     0,     0,     0,     0,
      54,    55,   169,   170,    56,    16,     0,    17,    18,    19,
      20,    21,    22,    23,     0,     0,     0,    24,    25,    26,
      27,    28,     0,    29,    30,    31,    32,    33,    34,   179,
       0,     0,     0,    35,   180,   181,   182,   183,     0,     0,
     184,     0,     0,     0,     0,     0,     0,    36,     0,    37,
      38,    39,    40,    41,    42,     0,     0,  -175,     0,    43,
      44,    45,    46,    47,    48,    49,   186,     0,   187,  -175,
       0,     0,     0,    50,     0,     0,     0,  -175,     0,     0,
       0,     0,     0,     0,     0,    51,    52,    53,   167,   168,
     169,   170,     0,    54,    55,     0,   -74,    56,     0,  -175,
    -175,  -175,  -175,     0,     0,     0,  -175,     0,  -175,     0,
       0,  -175,     0,   175,   176,   177,   178,   179,  -175,  -175,
    -175,  -175,   180,   181,   182,   183,     0,     0,   184,     0,
       0,     0,     0,  -175,  -175,  -175,  -214,  -175,  -175,  -175,
    -175,  -175,  -175,  -175,  -175,  -175,  -175,  -175,  -214,     0,
       0,     0,  -175,  -175,  -175,  -175,  -214,     0,  -175,  -175,
       0,     0,     0,     0,     0,     0,     0,   167,   168,   169,
     170,     0,     0,     0,     0,     0,     0,     0,  -214,  -214,
    -214,  -214,     0,     0,     0,  -214,     0,  -214,     0,     0,
    -214,     0,     0,   176,   177,   178,   179,  -214,  -214,  -214,
    -214,   180,   181,   182,   183,     0,     0,   184,     0,     0,
       0,     0,  -214,  -214,  -214,     0,  -214,  -214,  -214,  -214,
    -214,  -214,  -214,  -214,  -214,  -214,  -214,     0,     0,     0,
       0,  -214,  -214,  -214,  -214,     0,     0,  -214,  -214,    77,
       0,    16,     0,    17,    18,    19,    20,    21,    22,    23,
       0,     0,     0,   131,    25,    26,    27,    28,   109,    29,
      30,    31,    32,    33,    34,     0,     0,     0,     0,    35,
       0,     0,     0,     0,     0,     0,   167,   168,   169,   170,
       0,     0,     0,    36,     0,    37,    38,    39,    40,    41,
      42,     0,     0,     0,     0,    43,    44,    45,    46,    47,
      48,    49,     0,   177,   178,   179,     0,     0,     0,    50,
     180,   181,   182,   183,     0,     0,   184,     0,     0,     0,
       0,    51,    52,    53,     0,     0,     0,     0,     0,    54,
      55,     0,    77,    56,    16,     0,    17,    18,    19,    20,
      21,    22,    23,     0,     0,     0,    24,    25,    26,    27,
      28,     0,    29,    30,    31,    32,    33,    34,     0,     0,
       0,     0,    35,     0,     0,     0,     0,     0,     0,   167,
    -247,   169,   170,     0,     0,     0,    36,     0,    37,    38,
      39,    40,    41,    42,     0,     0,     0,     0,    43,    44,
      45,    46,    47,    48,    49,     0,     0,   178,   179,     0,
       0,     0,    50,   180,   181,   182,   183,     0,     0,   184,
       0,     0,     0,     0,    51,    52,    53,     0,     0,     0,
       0,     0,    54,    55,     0,     0,    56,    16,   104,    17,
      18,    19,    20,    21,    22,    23,     0,     0,     0,    24,
      25,    26,    27,    28,     0,    29,    30,    31,    32,    33,
      34,     0,     0,     0,     0,    35,     0,     0,     0,     0,
       0,     0,   167,   168,   169,   170,     0,     0,     0,    36,
       0,    37,    38,    39,    40,    41,    42,     0,     0,     0,
       0,    43,    44,    45,    46,    47,    48,    49,     0,     0,
     178,   179,     0,     0,     0,    50,   180,   181,   182,   183,
       0,     0,   184,     0,     0,     0,     0,    51,    52,    53,
       0,     0,     0,     0,     0,    54,    55,     0,    16,    56,
      17,    18,    19,    20,    21,    22,    23,   139,     0,     0,
      24,    25,    26,    27,    28,     0,    29,    30,    31,    32,
      33,    34,     0,     0,     0,     0,    35,     0,     0,     0,
       0,     0,     0,  -247,     0,   169,   170,     0,     0,     0,
      36,     0,    37,    38,    39,    40,    41,    42,     0,     0,
       0,     0,    43,    44,    45,    46,    47,    48,    49,     0,
       0,   178,   179,     0,     0,     0,    50,   180,   181,   182,
     183,     0,     0,   184,     0,     0,     0,     0,    51,    52,
      53,     0,     0,     0,     0,     0,    54,    55,     0,    16,
      56,    17,    18,    19,    20,    21,    22,    23,     0,     0,
       0,    24,    25,    26,    27,    28,     0,    29,    30,    31,
      32,    33,    34,     0,     0,     0,     0,    35,     0,     0,
       0,     0,     0,     0,     0,     0,   169,   170,     0,     0,
       0,    36,     0,    37,    38,    39,    40,    41,    42,     0,
       0,     0,     0,    43,    44,    45,    46,    47,    48,    49,
       0,     0,   178,   179,     0,     0,     0,    50,   180,   181,
     182,   183,     0,     0,   184,     0,     0,     0,     0,    51,
      52,    53,     0,     0,     0,     0,     0,    54,    55,     0,
     157,    56,    16,     0,    17,    18,    19,    20,    21,    22,
      23,     0,     0,     0,    24,    25,    26,    27,    28,     0,
      29,    30,    31,    32,    33,    34,     0,     0,     0,     0,
      35,   212,   213,   214,   215,     0,     0,     0,   216,     0,
     217,     0,     0,     0,    36,     0,    37,    38,    39,    40,
      41,    42,     0,     0,     0,     0,    43,    44,    45,    46,
      47,    48,    49,     0,     0,   159,   160,   161,     0,     0,
      50,     0,     0,     0,     0,     0,     0,     0,     0,     0,
       0,     0,    51,    52,    53,     0,     0,     0,     0,     0,
      54,    55,     0,   232,    56,    16,     0,    17,    18,    19,
      20,    21,    22,    23,     0,     0,     0,    24,    25,    26,
      27,    28,     0,    29,    30,    31,    32,    33,    34,     0,
       0,     0,     0,    35,     0,     0,     0,     0,     0,     0,
       0,     0,     0,     0,     0,     0,     0,    36,     0,    37,
      38,    39,    40,    41,    42,     0,     0,     0,     0,    43,
      44,    45,    46,    47,    48,    49,     0,     0,     0,     0,
       0,     0,     0,    50,     0,     0,     0,     0,     0,     0,
       0,     0,     0,     0,     0,    51,    52,    53,     0,     0,
       0,     0,     0,    54,    55,     0,   240,    56,    16,     0,
      17,    18,    19,    20,    21,    22,    23,     0,     0,     0,
      24,    25,    26,    27,    28,     0,    29,    30,    31,    32,
      33,    34,     0,     0,     0,     0,    35,     0,     0,     0,
       0,     0,     0,     0,     0,     0,     0,     0,     0,     0,
      36,     0,    37,    38,    39,    40,    41,    42,     0,     0,
       0,     0,    43,    44,    45,    46,    47,    48,    49,     0,
       0,     0,     0,     0,     0,     0,    50,     0,     0,     0,
       0,     0,     0,     0,     0,     0,     0,     0,    51,    52,
      53,     0,     0,     0,     0,     0,    54,    55,     0,   252,
      56,    16,     0,    17,    18,    19,    20,    21,    22,    23,
       0,     0,     0,    24,    25,    26,    27,    28,     0,    29,
      30,    31,    32,    33,    34,     0,     0,     0,     0,    35,
       0,     0,     0,     0,     0,     0,     0,     0,     0,     0,
       0,     0,     0,    36,     0,    37,    38,    39,    40,    41,
      42,     0,     0,     0,     0,    43,    44,    45,    46,    47,
      48,    49,     0,     0,     0,     0,     0,     0,     0,    50,
       0,     0,     0,     0,     0,     0,     0,     0,     0,     0,
       0,    51,    52,    53,     0,     0,     0,     0,     0,    54,
      55,     0,   281,    56,    16,     0,    17,    18,    19,    20,
      21,    22,    23,     0,     0,     0,    24,    25,    26,    27,
      28,     0,    29,    30,    31,    32,    33,    34,     0,     0,
       0,     0,    35,     0,     0,     0,     0,     0,     0,     0,
       0,     0,     0,     0,     0,     0,    36,     0,    37,    38,
      39,    40,    41,    42,     0,     0,     0,     0,    43,    44,
      45,    46,    47,    48,    49,     0,     0,     0,     0,     0,
       0,     0,    50,     0,     0,     0,     0,     0,     0,     0,
       0,     0,     0,     0,    51,    52,    53,     0,     0,     0,
       0,     0,    54,    55,     0,   348,    56,    16,     0,    17,
      18,    19,    20,    21,    22,    23,     0,     0,     0,    24,
      25,    26,    27,    28,     0,    29,    30,    31,    32,    33,
      34,     0,     0,     0,     0,    35,     0,     0,     0,     0,
       0,     0,     0,     0,     0,     0,     0,     0,     0,    36,
       0,    37,    38,    39,    40,    41,    42,     0,     0,     0,
       0,    43,    44,    45,    46,    47,    48,    49,     0,     0,
       0,     0,     0,   166,     0,    50,     0,     0,     0,     0,
     167,   168,   169,   170,     0,     0,     0,    51,    52,    53,
       0,     0,     0,     0,     0,    54,    55,     0,     0,    56,
     171,   172,   339,   173,   174,   175,   176,   177,   178,   179,
       0,     0,     0,     0,   180,   181,   182,   183,   166,     0,
     184,     0,     0,     0,     0,   167,   168,   169,   170,     0,
       0,     0,     0,     0,     0,     0,     0,     0,     0,     0,
       0,     0,     0,     0,     0,   171,   172,     0,   173,   174,
     175,   176,   177,   178,   179,     0,     0,     0,     0,   180,
     181,   182,   183,   166,     0,   184,     0,     0,     0,     0,
     167,   168,   169,   170,     0,     0,     0,     0,     0,     0,
       0,     0,     0,     0,     0,     0,     0,     0,     0,     0,
       0,   172,     0,   173,   174,   175,   176,   177,   178,   179,
       0,     0,     0,     0,   180,   181,   182,   183,     0,     0,
     184
};

#define yypact_value_is_default(Yystate) \
  (!!((Yystate) == (-416)))

#define yytable_value_is_error(Yytable_value) \
  (!!((Yytable_value) == (-247)))

static const yytype_int16 yycheck[] =
{
      15,   128,   308,    11,     9,   325,    48,    42,    48,    26,
     308,    16,   310,   311,    10,    50,   117,     9,    20,    11,
       9,    77,   437,    19,    20,    21,    22,    23,   412,    25,
      26,    20,    19,    20,    21,    22,    23,    20,    25,    26,
      45,     0,   143,    15,    20,    41,    42,    43,    44,    80,
      26,    56,    76,    77,    78,    42,    43,    20,    21,    22,
      23,    48,    25,    26,    15,    16,    17,     9,   124,    12,
       9,   102,    12,    11,    76,    77,    78,   103,   102,    42,
      43,    20,   117,   103,   499,   383,   103,   407,     9,     9,
      98,    11,   103,    76,    77,    78,   223,    93,    70,    23,
     135,    80,    12,    90,    28,    12,   490,     9,   143,    12,
     430,   103,    76,    77,    78,   120,     9,   415,    11,   417,
      48,    93,   127,   128,    15,    16,    17,   123,    12,    46,
      47,   103,   128,    76,    77,    78,    76,    77,    78,    12,
     145,   128,   198,   199,   200,   201,   202,     9,   204,    11,
     206,   207,   103,   103,   159,   160,   161,   103,   163,   164,
     165,   203,    23,   203,   462,   128,    76,    77,    78,    76,
      77,    78,    12,    76,    77,    78,   103,   475,   193,    20,
     185,   186,   187,   188,   189,   190,   191,   192,   103,   224,
      12,   497,    76,    77,    78,   103,   102,   184,    76,    77,
      78,   102,    20,    76,    77,    78,   103,   212,   213,   214,
     215,   216,   217,   209,   103,     9,   203,    11,   223,     9,
     103,    11,   323,   350,   102,     9,   297,    11,   299,    20,
     235,    15,    16,    17,    18,    19,    76,    77,    78,   244,
      24,    20,    17,    18,    20,   301,    95,    96,    97,    98,
     103,   103,   101,   309,    76,    77,    78,    32,    76,    77,
      78,    36,    10,    72,   269,   270,    41,    20,    11,    44,
     103,    23,    47,   278,    49,   271,    51,    52,    53,    54,
      55,    65,    23,   103,   271,    76,    77,    78,   323,    72,
     102,   296,   297,   298,   299,    10,    78,    76,    77,    78,
      76,    77,    78,   308,   360,   310,   311,   363,   364,   410,
      15,    16,    17,   300,    19,    96,    97,    98,    26,   103,
     101,   377,    11,    76,    77,    78,    18,    18,    18,   441,
     335,   327,    18,   414,   376,    18,   376,   418,   103,    21,
     421,   422,   454,   455,     9,   350,    76,    77,    78,   103,
      15,    23,   433,   434,   466,    76,    77,    78,    23,    76,
      77,    78,   443,    28,   476,    70,   478,    15,   103,   102,
      26,    10,   102,    10,    10,   410,   457,    10,   383,    10,
     461,   102,   463,    26,   496,   102,    63,   162,    23,   376,
     102,   166,   167,   168,   169,   170,   171,   172,   173,   174,
     175,   176,   177,   178,   179,   180,   102,   488,   102,   424,
     415,    20,   417,    90,   495,   102,   431,   102,    95,    96,
      97,    98,   103,   504,   101,    76,    77,    78,   102,    76,
      77,    78,   102,   429,     9,   102,     9,   442,    10,   102,
      15,   456,    20,    18,     9,   102,    74,   102,    23,     0,
       1,   102,    20,    28,   469,   102,   102,   462,     9,   103,
      11,     9,    13,    14,    15,    16,    17,    18,    19,    20,
     475,   103,    23,    24,    25,    26,    27,   492,    29,    30,
      31,    32,    33,    34,    35,    36,    37,    38,    39,    40,
      41,    42,    43,    44,    45,    20,   102,    73,    49,    50,
      51,    52,    53,    22,    55,    56,    57,    58,    59,    60,
     102,   102,    12,    98,    65,    66,    67,    68,    69,    70,
      71,    35,    42,    43,    44,    45,   442,    90,    79,    49,
     497,    51,    95,    96,    97,    98,   195,    83,   101,   362,
      91,    92,    93,   408,   376,   203,    -1,    -1,    99,   100,
      -1,    -1,   103,    -1,     0,     1,    76,    77,    78,    -1,
      -1,    -1,    -1,     9,   339,    11,    -1,    13,    14,    15,
      16,    17,    18,    19,    20,    -1,    -1,    23,    24,    25,
      26,    27,   102,    29,    30,    31,    32,    33,    34,    35,
      36,    37,    38,    39,    40,    41,    42,    43,    44,    45,
      -1,    -1,    -1,    49,    50,    51,    52,    53,    -1,    55,
      56,    57,    58,    59,    60,    -1,    -1,    -1,    -1,    65,
      66,    67,    68,    69,    70,    71,     3,     4,     5,     6,
       7,     8,    -1,    79,    -1,    -1,    -1,    -1,    -1,    -1,
      -1,    -1,    -1,    -1,    -1,    91,    92,    93,    -1,    -1,
       1,    -1,    -1,    99,   100,    -1,    -1,   103,     9,    10,
      11,    -1,    13,    14,    15,    16,    17,    18,    19,    20,
      -1,    -1,    23,    24,    25,    26,    27,    -1,    29,    30,
      31,    32,    33,    34,    35,    36,    37,    38,    39,    40,
      41,    42,    43,    44,    45,    -1,    -1,    -1,    49,    50,
      51,    52,    53,    -1,    55,    56,    57,    58,    59,    60,
      -1,    -1,    -1,    -1,    65,    66,    67,    68,    69,    70,
      71,    -1,    -1,    -1,    -1,    -1,    -1,    -1,    79,    -1,
      -1,    -1,    -1,    -1,    -1,    -1,    -1,    -1,    -1,    -1,
      91,    92,    93,    -1,    -1,     1,    -1,    -1,    99,   100,
      -1,    -1,   103,     9,    10,    11,    -1,    13,    14,    15,
      16,    17,    18,    19,    20,    -1,    -1,    23,    24,    25,
      26,    27,    -1,    29,    30,    31,    32,    33,    34,    35,
      36,    37,    38,    39,    40,    41,    42,    43,    44,    45,
      -1,    -1,    -1,    49,    50,    51,    52,    53,    -1,    55,
      56,    57,    58,    59,    60,    -1,    -1,    -1,    -1,    65,
      66,    67,    68,    69,    70,    71,    -1,    -1,    -1,    -1,
      -1,    -1,    -1,    79,    -1,    -1,    -1,    -1,    -1,    -1,
      -1,    -1,    -1,    -1,    -1,    91,    92,    93,    -1,    -1,
       1,    -1,    -1,    99,   100,    -1,    -1,   103,     9,    10,
      11,    -1,    13,    14,    15,    16,    17,    18,    19,    20,
      -1,    -1,    23,    24,    25,    26,    27,    -1,    29,    30,
      31,    32,    33,    34,    35,    36,    37,    38,    39,    40,
      41,    42,    43,    44,    45,    -1,    -1,    -1,    49,    50,
      51,    52,    53,    -1,    55,    56,    57,    58,    59,    60,
      -1,    -1,    -1,    -1,    65,    66,    67,    68,    69,    70,
      71,    -1,    -1,    -1,    -1,    -1,    -1,    -1,    79,    -1,
      -1,    -1,    -1,    -1,    -1,    -1,    -1,    -1,    -1,    -1,
      91,    92,    93,    -1,    -1,     1,    -1,    -1,    99,   100,
      -1,    -1,   103,     9,    10,    11,    -1,    13,    14,    15,
      16,    17,    18,    19,    20,    -1,    -1,    23,    24,    25,
      26,    27,    -1,    29,    30,    31,    32,    33,    34,    35,
      36,    37,    38,    39,    40,    41,    42,    43,    44,    45,
      -1,    -1,    -1,    49,    50,    51,    52,    53,    -1,    55,
      56,    57,    58,    59,    60,    -1,    -1,    -1,    -1,    65,
      66,    67,    68,    69,    70,    71,    -1,    -1,    -1,    -1,
      -1,    -1,    -1,    79,    -1,    -1,    -1,    -1,    -1,    -1,
      -1,    -1,    -1,    -1,    -1,    91,    92,    93,    -1,    -1,
       1,    -1,    -1,    99,   100,    -1,    -1,   103,     9,    10,
      11,    -1,    13,    14,    15,    16,    17,    18,    19,    20,
      -1,    -1,    23,    24,    25,    26,    27,    -1,    29,    30,
      31,    32,    33,    34,    35,    36,    37,    38,    39,    40,
      41,    42,    43,    44,    45,    -1,    -1,    -1,    49,    50,
      51,    52,    53,    -1,    55,    56,    57,    58,    59,    60,
      -1,    -1,    -1,    -1,    65,    66,    67,    68,    69,    70,
      71,    -1,    -1,    -1,    -1,    -1,    -1,    -1,    79,    -1,
      -1,    -1,    -1,    -1,    -1,    -1,    -1,    -1,    -1,    -1,
      91,    92,    93,     1,    -1,    -1,    -1,    -1,    99,   100,
      -1,     9,   103,    11,    -1,    13,    14,    15,    16,    17,
      18,    19,    20,    -1,    -1,    23,    24,    25,    26,    27,
      -1,    29,    30,    31,    32,    33,    34,    35,    36,    37,
      38,    39,    40,    41,    42,    43,    44,    45,    -1,    -1,
      -1,    49,    50,    51,    52,    53,    -1,    55,    56,    57,
      58,    59,    60,    -1,    -1,    -1,    -1,    65,    66,    67,
      68,    69,    70,    71,    -1,    -1,    74,    -1,    -1,    -1,
      -1,    79,    -1,    -1,    -1,    -1,    -1,    -1,    -1,    -1,
      -1,    -1,    -1,    91,    92,    93,     1,    -1,    -1,    -1,
      -1,    99,   100,    -1,     9,   103,    11,    -1,    13,    14,
      15,    16,    17,    18,    19,    20,    -1,    -1,    23,    24,
      25,    26,    27,    -1,    29,    30,    31,    32,    33,    34,
      35,    36,    37,    38,    39,    40,    41,    42,    43,    44,
      45,    -1,    -1,    -1,    49,    50,    51,    52,    53,    -1,
      55,    56,    57,    58,    59,    60,    -1,    -1,    -1,    -1,
      65,    66,    67,    68,    69,    70,    71,    -1,    -1,    -1,
      -1,    -1,    -1,    -1,    79,    -1,    -1,    -1,    -1,    -1,
      -1,    -1,    -1,    -1,    -1,    -1,    91,    92,    93,     1,
      -1,    -1,    -1,    -1,    99,   100,    -1,     9,   103,    11,
      -1,    13,    14,    15,    16,    17,    18,    19,    20,    -1,
      -1,    23,    24,    25,    26,    27,    -1,    29,    30,    31,
      32,    33,    34,    35,    -1,    37,    38,    39,    40,    41,
      42,    43,    44,    45,    -1,    -1,    -1,    49,    50,    51,
      52,    53,    -1,    55,    56,    57,    58,    59,    60,    -1,
      -1,    -1,    -1,    65,    66,    67,    68,    69,    70,    71,
      -1,    -1,    -1,    -1,    -1,    -1,    -1,    79,    -1,    -1,
      -1,    -1,    -1,    -1,    -1,    -1,    -1,    -1,    -1,    91,
      92,    93,     1,    -1,    -1,    -1,    -1,    99,   100,    -1,
      -1,   103,    11,    -1,    13,    14,    15,    16,    17,    18,
      19,    20,    -1,    -1,    23,    24,    25,    26,    27,    -1,
      29,    30,    31,    32,    33,    34,    -1,    -1,    -1,    -1,
      39,    -1,    -1,    54,    -1,    -1,    -1,    -1,    -1,    -1,
      61,    62,    63,    64,    53,    -1,    55,    56,    57,    58,
      59,    60,    -1,    -1,    -1,    -1,    65,    66,    67,    68,
      69,    70,    71,    84,    85,    86,    87,    88,    89,    90,
      79,    -1,    -1,    -1,    95,    96,    97,    98,    -1,    -1,
     101,    -1,    91,    92,    93,     1,    -1,    -1,    -1,    -1,
      99,   100,    63,    64,   103,    11,    -1,    13,    14,    15,
      16,    17,    18,    19,    -1,    -1,    -1,    23,    24,    25,
      26,    27,    -1,    29,    30,    31,    32,    33,    34,    90,
      -1,    -1,    -1,    39,    95,    96,    97,    98,    -1,    -1,
     101,    -1,    -1,    -1,    -1,    -1,    -1,    53,    -1,    55,
      56,    57,    58,    59,    60,    -1,    -1,     0,    -1,    65,
      66,    67,    68,    69,    70,    71,     9,    -1,    11,    12,
      -1,    -1,    -1,    79,    -1,    -1,    -1,    20,    -1,    -1,
      -1,    -1,    -1,    -1,    -1,    91,    92,    93,    61,    62,
      63,    64,    -1,    99,   100,    -1,   102,   103,    -1,    42,
      43,    44,    45,    -1,    -1,    -1,    49,    -1,    51,    -1,
      -1,    54,    -1,    86,    87,    88,    89,    90,    61,    62,
      63,    64,    95,    96,    97,    98,    -1,    -1,   101,    -1,
      -1,    -1,    -1,    76,    77,    78,     0,    80,    81,    82,
      83,    84,    85,    86,    87,    88,    89,    90,    12,    -1,
      -1,    -1,    95,    96,    97,    98,    20,    -1,   101,   102,
      -1,    -1,    -1,    -1,    -1,    -1,    -1,    61,    62,    63,
      64,    -1,    -1,    -1,    -1,    -1,    -1,    -1,    42,    43,
      44,    45,    -1,    -1,    -1,    49,    -1,    51,    -1,    -1,
      54,    -1,    -1,    87,    88,    89,    90,    61,    62,    63,
      64,    95,    96,    97,    98,    -1,    -1,   101,    -1,    -1,
      -1,    -1,    76,    77,    78,    -1,    80,    81,    82,    83,
      84,    85,    86,    87,    88,    89,    90,    -1,    -1,    -1,
      -1,    95,    96,    97,    98,    -1,    -1,   101,   102,     9,
      -1,    11,    -1,    13,    14,    15,    16,    17,    18,    19,
      -1,    -1,    -1,    23,    24,    25,    26,    27,    28,    29,
      30,    31,    32,    33,    34,    -1,    -1,    -1,    -1,    39,
      -1,    -1,    -1,    -1,    -1,    -1,    61,    62,    63,    64,
      -1,    -1,    -1,    53,    -1,    55,    56,    57,    58,    59,
      60,    -1,    -1,    -1,    -1,    65,    66,    67,    68,    69,
      70,    71,    -1,    88,    89,    90,    -1,    -1,    -1,    79,
      95,    96,    97,    98,    -1,    -1,   101,    -1,    -1,    -1,
      -1,    91,    92,    93,    -1,    -1,    -1,    -1,    -1,    99,
     100,    -1,     9,   103,    11,    -1,    13,    14,    15,    16,
      17,    18,    19,    -1,    -1,    -1,    23,    24,    25,    26,
      27,    -1,    29,    30,    31,    32,    33,    34,    -1,    -1,
      -1,    -1,    39,    -1,    -1,    -1,    -1,    -1,    -1,    61,
      62,    63,    64,    -1,    -1,    -1,    53,    -1,    55,    56,
      57,    58,    59,    60,    -1,    -1,    -1,    -1,    65,    66,
      67,    68,    69,    70,    71,    -1,    -1,    89,    90,    -1,
      -1,    -1,    79,    95,    96,    97,    98,    -1,    -1,   101,
      -1,    -1,    -1,    -1,    91,    92,    93,    -1,    -1,    -1,
      -1,    -1,    99,   100,    -1,    -1,   103,    11,    12,    13,
      14,    15,    16,    17,    18,    19,    -1,    -1,    -1,    23,
      24,    25,    26,    27,    -1,    29,    30,    31,    32,    33,
      34,    -1,    -1,    -1,    -1,    39,    -1,    -1,    -1,    -1,
      -1,    -1,    61,    62,    63,    64,    -1,    -1,    -1,    53,
      -1,    55,    56,    57,    58,    59,    60,    -1,    -1,    -1,
      -1,    65,    66,    67,    68,    69,    70,    71,    -1,    -1,
      89,    90,    -1,    -1,    -1,    79,    95,    96,    97,    98,
      -1,    -1,   101,    -1,    -1,    -1,    -1,    91,    92,    93,
      -1,    -1,    -1,    -1,    -1,    99,   100,    -1,    11,   103,
      13,    14,    15,    16,    17,    18,    19,    20,    -1,    -1,
      23,    24,    25,    26,    27,    -1,    29,    30,    31,    32,
      33,    34,    -1,    -1,    -1,    -1,    39,    -1,    -1,    -1,
      -1,    -1,    -1,    61,    -1,    63,    64,    -1,    -1,    -1,
      53,    -1,    55,    56,    57,    58,    59,    60,    -1,    -1,
      -1,    -1,    65,    66,    67,    68,    69,    70,    71,    -1,
      -1,    89,    90,    -1,    -1,    -1,    79,    95,    96,    97,
      98,    -1,    -1,   101,    -1,    -1,    -1,    -1,    91,    92,
      93,    -1,    -1,    -1,    -1,    -1,    99,   100,    -1,    11,
     103,    13,    14,    15,    16,    17,    18,    19,    -1,    -1,
      -1,    23,    24,    25,    26,    27,    -1,    29,    30,    31,
      32,    33,    34,    -1,    -1,    -1,    -1,    39,    -1,    -1,
      -1,    -1,    -1,    -1,    -1,    -1,    63,    64,    -1,    -1,
      -1,    53,    -1,    55,    56,    57,    58,    59,    60,    -1,
      -1,    -1,    -1,    65,    66,    67,    68,    69,    70,    71,
      -1,    -1,    89,    90,    -1,    -1,    -1,    79,    95,    96,
      97,    98,    -1,    -1,   101,    -1,    -1,    -1,    -1,    91,
      92,    93,    -1,    -1,    -1,    -1,    -1,    99,   100,    -1,
     102,   103,    11,    -1,    13,    14,    15,    16,    17,    18,
      19,    -1,    -1,    -1,    23,    24,    25,    26,    27,    -1,
      29,    30,    31,    32,    33,    34,    -1,    -1,    -1,    -1,
      39,    42,    43,    44,    45,    -1,    -1,    -1,    49,    -1,
      51,    -1,    -1,    -1,    53,    -1,    55,    56,    57,    58,
      59,    60,    -1,    -1,    -1,    -1,    65,    66,    67,    68,
      69,    70,    71,    -1,    -1,    76,    77,    78,    -1,    -1,
      79,    -1,    -1,    -1,    -1,    -1,    -1,    -1,    -1,    -1,
      -1,    -1,    91,    92,    93,    -1,    -1,    -1,    -1,    -1,
      99,   100,    -1,   102,   103,    11,    -1,    13,    14,    15,
      16,    17,    18,    19,    -1,    -1,    -1,    23,    24,    25,
      26,    27,    -1,    29,    30,    31,    32,    33,    34,    -1,
      -1,    -1,    -1,    39,    -1,    -1,    -1,    -1,    -1,    -1,
      -1,    -1,    -1,    -1,    -1,    -1,    -1,    53,    -1,    55,
      56,    57,    58,    59,    60,    -1,    -1,    -1,    -1,    65,
      66,    67,    68,    69,    70,    71,    -1,    -1,    -1,    -1,
      -1,    -1,    -1,    79,    -1,    -1,    -1,    -1,    -1,    -1,
      -1,    -1,    -1,    -1,    -1,    91,    92,    93,    -1,    -1,
      -1,    -1,    -1,    99,   100,    -1,   102,   103,    11,    -1,
      13,    14,    15,    16,    17,    18,    19,    -1,    -1,    -1,
      23,    24,    25,    26,    27,    -1,    29,    30,    31,    32,
      33,    34,    -1,    -1,    -1,    -1,    39,    -1,    -1,    -1,
      -1,    -1,    -1,    -1,    -1,    -1,    -1,    -1,    -1,    -1,
      53,    -1,    55,    56,    57,    58,    59,    60,    -1,    -1,
      -1,    -1,    65,    66,    67,    68,    69,    70,    71,    -1,
      -1,    -1,    -1,    -1,    -1,    -1,    79,    -1,    -1,    -1,
      -1,    -1,    -1,    -1,    -1,    -1,    -1,    -1,    91,    92,
      93,    -1,    -1,    -1,    -1,    -1,    99,   100,    -1,   102,
     103,    11,    -1,    13,    14,    15,    16,    17,    18,    19,
      -1,    -1,    -1,    23,    24,    25,    26,    27,    -1,    29,
      30,    31,    32,    33,    34,    -1,    -1,    -1,    -1,    39,
      -1,    -1,    -1,    -1,    -1,    -1,    -1,    -1,    -1,    -1,
      -1,    -1,    -1,    53,    -1,    55,    56,    57,    58,    59,
      60,    -1,    -1,    -1,    -1,    65,    66,    67,    68,    69,
      70,    71,    -1,    -1,    -1,    -1,    -1,    -1,    -1,    79,
      -1,    -1,    -1,    -1,    -1,    -1,    -1,    -1,    -1,    -1,
      -1,    91,    92,    93,    -1,    -1,    -1,    -1,    -1,    99,
     100,    -1,   102,   103,    11,    -1,    13,    14,    15,    16,
      17,    18,    19,    -1,    -1,    -1,    23,    24,    25,    26,
      27,    -1,    29,    30,    31,    32,    33,    34,    -1,    -1,
      -1,    -1,    39,    -1,    -1,    -1,    -1,    -1,    -1,    -1,
      -1,    -1,    -1,    -1,    -1,    -1,    53,    -1,    55,    56,
      57,    58,    59,    60,    -1,    -1,    -1,    -1,    65,    66,
      67,    68,    69,    70,    71,    -1,    -1,    -1,    -1,    -1,
      -1,    -1,    79,    -1,    -1,    -1,    -1,    -1,    -1,    -1,
      -1,    -1,    -1,    -1,    91,    92,    93,    -1,    -1,    -1,
      -1,    -1,    99,   100,    -1,   102,   103,    11,    -1,    13,
      14,    15,    16,    17,    18,    19,    -1,    -1,    -1,    23,
      24,    25,    26,    27,    -1,    29,    30,    31,    32,    33,
      34,    -1,    -1,    -1,    -1,    39,    -1,    -1,    -1,    -1,
      -1,    -1,    -1,    -1,    -1,    -1,    -1,    -1,    -1,    53,
      -1,    55,    56,    57,    58,    59,    60,    -1,    -1,    -1,
      -1,    65,    66,    67,    68,    69,    70,    71,    -1,    -1,
      -1,    -1,    -1,    54,    -1,    79,    -1,    -1,    -1,    -1,
      61,    62,    63,    64,    -1,    -1,    -1,    91,    92,    93,
      -1,    -1,    -1,    -1,    -1,    99,   100,    -1,    -1,   103,
      81,    82,    83,    84,    85,    86,    87,    88,    89,    90,
      -1,    -1,    -1,    -1,    95,    96,    97,    98,    54,    -1,
     101,    -1,    -1,    -1,    -1,    61,    62,    63,    64,    -1,
      -1,    -1,    -1,    -1,    -1,    -1,    -1,    -1,    -1,    -1,
      -1,    -1,    -1,    -1,    -1,    81,    82,    -1,    84,    85,
      86,    87,    88,    89,    90,    -1,    -1,    -1,    -1,    95,
      96,    97,    98,    54,    -1,   101,    -1,    -1,    -1,    -1,
      61,    62,    63,    64,    -1,    -1,    -1,    -1,    -1,    -1,
      -1,    -1,    -1,    -1,    -1,    -1,    -1,    -1,    -1,    -1,
      -1,    82,    -1,    84,    85,    86,    87,    88,    89,    90,
      -1,    -1,    -1,    -1,    95,    96,    97,    98,    -1,    -1,
     101
};

/* YYSTOS[STATE-NUM] -- The (internal number of the) accessing
   symbol of state STATE-NUM.  */
static const yytype_uint8 yystos[] =
{
       0,     3,     4,     5,     6,     7,     8,   105,   106,   107,
     108,   109,   110,   111,     0,   114,    11,    13,    14,    15,
      16,    17,    18,    19,    23,    24,    25,    26,    27,    29,
      30,    31,    32,    33,    34,    39,    53,    55,    56,    57,
      58,    59,    60,    65,    66,    67,    68,    69,    70,    71,
      79,    91,    92,    93,    99,   100,   103,   152,   153,   154,
     157,   158,   159,   160,   161,   162,   164,   167,   171,   172,
     173,   174,   175,   176,   177,   178,   179,     9,   112,     1,
      20,    35,    37,    38,    40,    41,    42,    43,    44,    45,
      49,    50,    51,    52,   112,   121,   131,   152,    36,   119,
     120,   121,   117,   117,    12,   152,   162,   162,    23,    28,
     112,   172,   180,   180,   180,   180,   180,   180,   180,   163,
      11,   103,   162,   143,   143,   162,   103,   103,   103,   112,
     162,    23,   153,   166,   172,   180,   180,   112,   162,    20,
     152,    23,    28,   145,   162,   103,   165,   172,   173,   174,
     162,   153,   162,   162,   162,   162,   162,   102,   152,    76,
      77,    78,    80,     9,    11,   103,    54,    61,    62,    63,
      64,    81,    82,    84,    85,    86,    87,    88,    89,    90,
      95,    96,    97,    98,   101,   103,     9,    11,     9,    11,
       9,    11,     9,   114,   144,   145,    23,   142,   103,   103,
     103,   103,    70,    93,   103,   172,   103,   103,   112,    48,
     133,    20,    42,    43,    44,    45,    49,    51,   120,   121,
     119,    12,   166,   103,   103,   152,   102,   112,    26,   114,
     146,   102,   102,   152,   167,   180,   153,    10,    20,   166,
     102,   152,    72,   148,    11,   102,   152,   152,   152,   162,
     152,   152,   102,   152,   162,   162,   162,   162,   162,   162,
     162,   162,   162,   162,   162,   162,   162,   162,   162,     9,
      11,    15,    16,    17,    18,    19,    24,    65,   103,   156,
     172,   102,   152,   152,   152,   152,   152,   152,   152,   152,
     117,    23,   141,   142,    23,   124,   114,   114,   114,   114,
     114,    70,   169,   170,   171,   172,   173,   174,   114,   103,
     114,   114,   112,   152,   137,   152,   152,   152,   152,   152,
     167,   153,    12,   155,   103,   149,    72,   147,   102,   102,
     152,    10,   102,    26,   152,    11,    20,    12,   102,    83,
     152,   152,    18,    18,    18,    18,    18,    18,   102,   152,
     103,   102,    20,    12,    20,    12,    20,    12,    20,    10,
      21,   113,   122,   123,     9,    20,    23,   136,   152,   137,
     138,   152,   137,   140,   168,   172,   114,   103,   131,   135,
     138,   139,   152,   114,   138,   138,   102,   102,   166,   150,
     147,    26,   112,   102,    12,   152,    10,   162,    20,    12,
     102,   167,    10,    10,    10,    10,   114,   146,   114,   114,
      23,   102,   102,   102,   102,   103,   169,   114,   102,    20,
     138,   102,   102,   102,     9,    12,    10,   102,    20,   147,
     149,   128,   166,   134,   134,     9,   115,   115,   138,   127,
     138,   115,   125,   102,   115,   115,   117,    74,    20,   112,
     151,   147,   117,    20,   115,   115,   116,    46,    47,   132,
     132,   102,   103,   102,   133,   136,   115,    10,   118,     9,
      10,   133,   133,   117,   115,   103,   115,   138,   115,    20,
     133,    20,    26,   129,   117,    10,   138,   133,   102,   133,
     126,    22,    73,   130,    10,   102,   115,   134,   117,   115,
     133,   139,    74,   132,   102,   115
};

typedef enum {
	toketype_ival, toketype_opval, toketype_pval
} toketypes;

/* type of each token/terminal */
static const toketypes yy_type_tab[] =
{
  toketype_ival, toketype_ival, toketype_ival, toketype_ival, toketype_ival, toketype_ival,
  toketype_ival, toketype_ival, toketype_ival, toketype_ival, toketype_ival, toketype_ival,
  toketype_ival, toketype_ival, toketype_ival, toketype_ival, toketype_ival, toketype_ival, toketype_ival, toketype_ival, toketype_ival, toketype_ival,
  toketype_ival, toketype_opval, toketype_opval, toketype_opval, toketype_opval, toketype_opval, toketype_opval,
  toketype_opval, toketype_opval, toketype_opval, toketype_opval, toketype_opval, toketype_opval,
  toketype_opval, toketype_pval, toketype_ival, toketype_ival, toketype_ival, toketype_ival, toketype_ival,
  toketype_ival, toketype_ival, toketype_ival, toketype_ival, toketype_ival, toketype_ival, toketype_ival, toketype_ival,
  toketype_ival, toketype_ival, toketype_ival, toketype_ival, toketype_ival, toketype_ival, toketype_ival,
  toketype_ival, toketype_ival, toketype_ival, toketype_ival, toketype_ival, toketype_ival, toketype_ival, toketype_ival,
  toketype_ival, toketype_ival, toketype_ival, toketype_ival, toketype_ival, toketype_ival, toketype_ival,
  toketype_ival, toketype_ival, toketype_ival, toketype_ival, toketype_ival, toketype_ival,
  toketype_ival, toketype_ival, toketype_ival, toketype_ival, toketype_ival, toketype_ival, toketype_ival, toketype_ival,
  toketype_ival, toketype_ival, toketype_ival, toketype_ival, toketype_ival, toketype_ival, toketype_ival,
  toketype_ival, toketype_ival, toketype_ival, toketype_ival, toketype_ival, toketype_ival, toketype_ival,
  toketype_ival, toketype_ival, toketype_ival, toketype_ival, toketype_ival, toketype_ival, toketype_ival, toketype_ival,
  toketype_ival, toketype_ival, toketype_ival, toketype_ival, toketype_opval, toketype_opval, toketype_ival, toketype_opval,
  toketype_ival, toketype_opval, toketype_opval, toketype_opval, toketype_opval,
  toketype_opval, toketype_ival, toketype_ival, toketype_ival, toketype_ival, toketype_ival, toketype_ival, toketype_ival,
  toketype_opval, toketype_opval, toketype_opval, toketype_opval, toketype_opval, toketype_ival, toketype_opval,
  toketype_opval, toketype_opval, toketype_opval, toketype_opval, toketype_opval, toketype_opval, toketype_ival,
  toketype_ival, toketype_ival, toketype_opval, toketype_opval, toketype_opval,
  toketype_opval, toketype_opval, toketype_ival, toketype_opval, toketype_opval, toketype_opval,
  toketype_opval, toketype_ival, toketype_opval, toketype_opval, toketype_opval, toketype_opval,
  toketype_opval, toketype_opval, toketype_opval, toketype_ival, toketype_opval, toketype_opval,
  toketype_opval, toketype_opval, toketype_opval, toketype_opval, toketype_opval, toketype_opval,
  toketype_opval, toketype_opval, toketype_opval, toketype_opval, toketype_opval, toketype_opval, toketype_opval, toketype_opval,
  toketype_opval
};

/* Generated from:
 * c84ef96b88e3e6019dda0afe6bc0a5166ea65893f99860decabb21210de3613f perly.y
 * d1d4df7b8e30ac9dede664af9179e6e5e7ddc7f2ad9c4eff9e2e5b32c9e16a6e regen_perly.pl
 * ex: set ro: */
